[vss]
pulses_per_mile = 8000

[battery]
min_voltage = 12.0
max_voltage = 15.0
correction = 1.48

[speedometer]
smoothing = 40

[odometer]
current = 74.39487499991053
trip = 74.39487499991053

